333
6
671
344
190
1
45
115
1
389
60
361
172
29
170
100
30
57
2
112
114
3
249
201
21
234
202
167
113
19
32
170
81
64
67
80
44
158
217
69
169
137
63
128
93
3
98
61
67
66
190
67
232
67
203
63
67
70
57
94
53
74
41
52
19
74
77
86
74
60
74
26
74
54
34
50
126
20
149
123
18
110
12
27
63
166
27
83
38
87
1
53
73
74
105
40
85
38
58
72
47
42
47
56
99
94
46
73
60
24
34
87
36
27
44
53
44
47
28
95
100
7
33
70
31
9
45
18
73
65
101
58
33
50
32
55
45
92
34
15
105
21
47
38
104
50
105
123
131
27
54
72
33
26
35
86
86
124
34
69
23
29
88
80
23
53
88
18
36
57
48
29
31
69
37
35
34
34
19
66
4
97
29
23
50
35
83
86
50
39
28
42
76
83
88
54
70
92
135
22
50
41
41
67
32
64
27
49
41
14
17
32
34
46
98
70
60
20
15
26
49
54
63
6
29
32
12
75
7
48
48
26
26
26
11
24
45
18
27
16
73
43
72
39
13
33
29
86
35
92
16
39
64
59
21
26
12
26
44
50
59
48
78
23
24
19
42
19
42
54
40
8
0
26
25
17
26
22
33
52
72
19
85
47
110
27
88
56
112
81
81
26
37
20
14
27
27
35
19
50
110
102
73
89
39
14
68
50
35
86
22
76
41
24
5
9
14
33
37
22
37
24
11
12
22
14
37
99
53
39
33
65
98
75
99
74
22
146
30
30
28
28
39
20
13
71
11
57
45
14
45
73
73
48
73
46
53
52
14
43
31
43
32
61
79
34
38
23
39
74
91
39
39
47
45
27
5
70
6
66
36
76
31
32
66
50
71
34
22
45
56
10
32
45
59
59
26
50
52
39
59
36
96
100
91
28
36
48
48
75
16
25
92
84
54
50
50
50
50
40
45
8
40
61
64
12
54
45
19
64
16
28
29
16
50
64
42
71
29
108
37
12
61
64
71
93
53
17
38
8
66
85
36
21
62
46
17
3
95
18
65
26
60
70
37
70
49
43
22
9
22
129
113
22
27
