1000
1 2 2
2 3 2
3 4 1
4 5 2
5 6 5
6 7 5
7 8 5
8 9 1
9 10 1
10 11 4
11 12 1
12 13 1
13 14 3
14 15 4
15 16 4
16 17 2
17 18 4
18 19 3
19 20 3
20 21 4
21 22 5
22 23 3
23 24 1
24 25 5
25 26 2
26 27 5
27 28 1
28 29 2
29 30 4
30 31 4
31 32 3
32 33 1
33 34 2
34 35 4
35 36 3
36 37 3
37 38 2
38 39 4
39 40 2
40 41 2
41 42 2
42 43 1
43 44 2
44 45 2
45 46 2
46 47 5
47 48 1
48 49 4
49 50 5
50 51 4
51 52 3
52 53 2
53 54 1
54 55 2
55 56 2
56 57 3
57 58 3
58 59 4
59 60 2
60 61 5
61 62 1
62 63 3
63 64 3
64 65 4
65 66 1
66 67 2
67 68 4
68 69 3
69 70 4
70 71 1
71 72 1
72 73 1
73 74 3
74 75 5
75 76 5
76 77 5
77 78 5
78 79 3
79 80 2
80 81 3
81 82 5
82 83 2
83 84 1
84 85 2
85 86 3
86 87 5
87 88 3
88 89 5
89 90 2
90 91 1
91 92 1
92 93 3
93 94 2
94 95 1
95 96 3
96 97 5
97 98 5
98 99 3
99 100 4
100 101 5
101 102 4
102 103 2
103 104 1
104 105 1
105 106 4
106 107 2
107 108 4
108 109 2
109 110 1
110 111 1
111 112 3
112 113 1
113 114 1
114 115 3
115 116 3
116 117 1
117 118 1
118 119 1
119 120 1
120 121 1
121 122 1
122 123 3
123 124 3
124 125 3
125 126 4
126 127 3
127 128 5
128 129 2
129 130 4
130 131 3
131 132 2
132 133 3
133 134 5
134 135 1
135 136 2
136 137 2
137 138 4
138 139 4
139 140 1
140 141 1
141 142 3
142 143 4
143 144 3
144 145 1
145 146 4
146 147 4
147 148 3
148 149 4
149 150 5
150 151 5
151 152 4
152 153 3
153 154 2
154 155 5
155 156 4
156 157 4
157 158 1
158 159 5
159 160 2
160 161 4
161 162 1
162 163 3
163 164 4
164 165 1
165 166 5
166 167 4
167 168 1
168 169 3
169 170 4
170 171 3
171 172 3
172 173 3
173 174 3
174 175 3
175 176 2
176 177 3
177 178 1
178 179 5
179 180 4
180 181 4
181 182 3
182 183 4
183 184 4
184 185 4
185 186 4
186 187 5
187 188 1
188 189 2
189 190 2
190 191 1
191 192 2
192 193 1
193 194 1
194 195 5
195 196 5
196 197 4
197 198 2
198 199 5
199 200 3
200 201 3
201 202 5
202 203 4
203 204 3
204 205 1
205 206 2
206 207 5
207 208 4
208 209 4
209 210 5
210 211 2
211 212 3
212 213 3
213 214 1
214 215 2
215 216 1
216 217 4
217 218 3
218 219 5
219 220 5
220 221 2
221 222 3
222 223 2
223 224 5
224 225 4
225 226 5
226 227 5
227 228 2
228 229 4
229 230 3
230 231 5
231 232 1
232 233 1
233 234 5
234 235 5
235 236 2
236 237 2
237 238 3
238 239 2
239 240 1
240 241 3
241 242 4
242 243 1
243 244 1
244 245 5
245 246 1
246 247 4
247 248 4
248 249 1
249 250 3
250 251 1
251 252 5
252 253 1
253 254 4
254 255 3
255 256 1
256 257 1
257 258 1
258 259 1
259 260 1
260 261 1
261 262 3
262 263 4
263 264 1
264 265 5
265 266 2
266 267 5
267 268 2
268 269 5
269 270 3
270 271 4
271 272 2
272 273 1
273 274 1
274 275 3
275 276 5
276 277 3
277 278 1
278 279 4
279 280 4
280 281 2
281 282 2
282 283 3
283 284 1
284 285 1
285 286 3
286 287 2
287 288 2
288 289 5
289 290 2
290 291 5
291 292 2
292 293 1
293 294 2
294 295 1
295 296 5
296 297 1
297 298 5
298 299 2
299 300 3
300 301 3
301 302 1
302 303 3
303 304 2
304 305 2
305 306 3
306 307 2
307 308 1
308 309 2
309 310 3
310 311 4
311 312 5
312 313 1
313 314 5
314 315 3
315 316 2
316 317 5
317 318 2
318 319 4
319 320 4
320 321 5
321 322 4
322 323 4
323 324 2
324 325 2
325 326 2
326 327 5
327 328 4
328 329 1
329 330 5
330 331 4
331 332 1
332 333 1
333 334 3
334 335 2
335 336 5
336 337 2
337 338 4
338 339 5
339 340 4
340 341 3
341 342 1
342 343 3
343 344 5
344 345 3
345 346 4
346 347 4
347 348 3
348 349 5
349 350 1
350 351 5
351 352 4
352 353 4
353 354 1
354 355 1
355 356 4
356 357 1
357 358 4
358 359 4
359 360 2
360 361 3
361 362 1
362 363 1
363 364 4
364 365 2
365 366 2
366 367 3
367 368 5
368 369 5
369 370 2
370 371 1
371 372 2
372 373 5
373 374 4
374 375 3
375 376 5
376 377 4
377 378 4
378 379 3
379 380 4
380 381 3
381 382 2
382 383 4
383 384 5
384 385 2
385 386 3
386 387 3
387 388 4
388 389 2
389 390 1
390 391 1
391 392 1
392 393 4
393 394 3
394 395 4
395 396 3
396 397 4
397 398 2
398 399 1
399 400 1
400 401 2
401 402 1
402 403 1
403 404 4
404 405 1
405 406 2
406 407 2
407 408 2
408 409 4
409 410 4
410 411 5
411 412 3
412 413 1
413 414 3
414 415 5
415 416 5
416 417 1
417 418 5
418 419 3
419 420 1
420 421 4
421 422 2
422 423 4
423 424 1
424 425 5
425 426 3
426 427 2
427 428 2
428 429 1
429 430 4
430 431 3
431 432 4
432 433 5
433 434 4
434 435 5
435 436 1
436 437 2
437 438 1
438 439 1
439 440 4
440 441 5
441 442 5
442 443 2
443 444 2
444 445 1
445 446 2
446 447 5
447 448 3
448 449 4
449 450 3
450 451 2
451 452 1
452 453 3
453 454 3
454 455 4
455 456 1
456 457 1
457 458 2
458 459 2
459 460 3
460 461 4
461 462 5
462 463 5
463 464 2
464 465 5
465 466 2
466 467 1
467 468 1
468 469 3
469 470 3
470 471 2
471 472 2
472 473 4
473 474 5
474 475 5
475 476 2
476 477 2
477 478 3
478 479 1
479 480 2
480 481 4
481 482 3
482 483 2
483 484 4
484 485 3
485 486 5
486 487 5
487 488 5
488 489 4
489 490 5
490 491 4
491 492 2
492 493 3
493 494 5
494 495 1
495 496 2
496 497 2
497 498 1
498 499 3
499 500 5
500 501 1
501 502 1
502 503 5
503 504 4
504 505 5
505 506 1
506 507 5
507 508 5
508 509 3
509 510 1
510 511 2
511 512 1
512 513 1
513 514 5
514 515 1
515 516 1
516 517 5
517 518 3
518 519 1
519 520 5
520 521 1
521 522 2
522 523 2
523 524 3
524 525 1
525 526 4
526 527 1
527 528 4
528 529 5
529 530 5
530 531 3
531 532 4
532 533 2
533 534 5
534 535 2
535 536 1
536 537 2
537 1 1
248 538 4
5 539 4
321 540 4
434 541 4
147 542 2
279 543 4
512 544 3
348 545 5
249 546 5
377 547 2
457 548 3
255 549 5
18 550 2
180 551 1
545 552 1
229 553 2
65 554 5
142 555 2
169 556 4
498 557 1
493 558 4
71 559 5
86 560 4
404 561 2
510 562 1
74 563 1
487 564 3
429 565 2
343 566 5
432 567 4
104 568 2
478 569 2
312 570 2
366 571 1
132 572 3
350 573 1
492 574 1
345 575 3
478 576 5
405 577 3
216 578 4
29 579 2
58 580 3
204 581 4
169 582 4
110 583 4
10 584 1
250 585 5
424 586 1
314 587 1
463 588 2
230 589 3
558 590 1
207 591 5
165 592 4
429 593 4
61 594 2
137 595 1
290 596 4
403 597 1
351 598 5
574 599 1
64 600 2
281 601 1
38 602 5
438 603 1
469 604 1
593 605 4
146 606 2
215 607 5
580 608 2
158 609 4
602 610 4
232 611 1
286 612 4
250 613 4
126 614 2
240 615 4
6 616 2
503 617 5
516 618 5
43 619 3
18 620 1
229 621 1
114 622 2
133 623 1
233 624 3
342 625 1
465 626 2
500 627 3
291 628 2
349 629 2
2 630 3
133 631 1
292 632 2
85 633 3
568 634 5
340 635 5
86 636 3
299 637 3
591 638 5
317 639 2
288 640 4
338 641 5
351 642 1
416 643 4
411 644 2
299 645 5
431 646 4
616 647 5
48 648 5
151 649 4
597 650 4
39 651 2
483 652 4
576 653 3
468 654 3
360 655 2
615 656 3
633 657 1
318 658 3
313 659 4
390 660 5
238 661 2
238 662 3
292 663 2
386 664 3
523 665 3
609 666 1
172 667 5
620 668 5
374 669 2
185 670 2
334 671 4
299 672 1
329 673 5
659 674 2
503 675 3
493 676 3
464 677 5
444 678 1
424 679 2
334 680 1
649 681 3
407 682 3
602 683 4
10 684 1
273 685 1
265 686 5
653 687 1
385 688 1
294 689 2
170 690 4
439 691 3
157 692 3
181 693 2
684 694 4
456 695 2
393 696 4
339 697 3
616 698 1
360 699 2
46 700 2
446 701 4
370 702 1
567 703 3
40 704 5
343 705 2
134 706 3
207 707 3
161 708 3
146 709 1
37 710 5
676 711 4
649 712 1
449 713 5
688 714 4
380 715 1
194 716 2
239 717 1
388 718 1
453 719 4
190 720 2
474 721 3
376 722 4
491 723 3
138 724 5
491 725 1
259 726 1
131 727 3
457 728 5
334 729 2
310 730 1
376 731 4
14 732 4
174 733 5
524 734 5
635 735 4
55 736 3
26 737 2
138 738 3
331 739 1
67 740 1
426 741 2
475 742 4
2 743 4
421 744 3
233 745 4
699 746 5
213 747 3
51 748 4
16 749 2
335 750 5
107 751 2
236 752 2
65 753 3
196 754 4
448 755 4
725 756 1
257 757 3
374 758 5
610 759 2
92 760 5
557 761 3
266 762 2
41 763 2
199 764 2
589 765 3
338 766 4
273 767 4
765 768 3
568 769 2
248 770 4
303 771 1
387 772 3
119 773 4
767 774 4
684 775 3
454 776 1
22 777 3
686 778 2
42 779 3
289 780 3
268 781 5
107 782 5
577 783 2
134 784 2
228 785 1
184 786 5
752 787 1
177 788 3
578 789 1
160 790 1
24 791 1
686 792 3
614 793 4
14 794 5
648 795 3
112 796 3
364 797 5
233 798 1
34 799 1
149 800 2
196 801 4
469 802 2
694 803 4
482 804 4
593 805 5
777 806 3
781 807 4
667 808 1
65 809 5
789 810 3
512 811 3
381 812 2
802 813 4
232 814 5
724 815 1
715 816 2
660 817 5
6 818 5
658 819 2
787 820 1
608 821 1
313 822 1
417 823 3
238 824 1
456 825 5
528 826 5
136 827 2
554 828 3
162 829 3
455 830 1
127 831 2
758 832 4
391 833 4
21 834 1
599 835 5
526 836 5
665 837 4
127 838 3
706 839 5
546 840 2
463 841 3
351 842 1
99 843 5
80 844 2
63 845 1
158 846 4
13 847 1
145 848 5
273 849 1
92 850 2
424 851 3
846 852 4
160 853 3
119 854 4
236 855 5
481 856 5
618 857 2
804 858 3
471 859 3
384 860 3
196 861 5
522 862 3
304 863 1
584 864 2
648 865 4
23 866 2
714 867 5
451 868 5
20 869 4
476 870 4
534 871 4
510 872 3
735 873 2
574 874 5
636 875 2
728 876 2
630 877 3
443 878 4
595 879 3
564 880 4
501 881 4
629 882 5
803 883 4
338 884 1
263 885 3
852 886 4
601 887 5
104 888 5
560 889 3
540 890 2
372 891 1
886 892 3
9 893 5
199 894 3
369 895 3
215 896 1
569 897 4
660 898 5
763 899 2
540 900 1
161 901 1
778 902 4
479 903 4
395 904 5
702 905 2
202 906 3
672 907 3
564 908 4
615 909 3
787 910 2
148 911 5
134 912 4
259 913 2
897 914 3
557 915 2
286 916 5
876 917 2
225 918 2
561 919 3
361 920 1
901 921 5
805 922 5
68 923 4
70 924 3
903 925 5
296 926 3
278 927 2
476 928 4
433 929 3
23 930 1
576 931 3
349 932 5
29 933 1
81 934 2
902 935 4
432 936 3
613 937 3
606 938 4
688 939 1
413 940 3
741 941 5
862 942 1
251 943 5
210 944 4
389 945 3
173 946 5
841 947 5
80 948 3
895 949 1
531 950 4
397 951 3
411 952 4
333 953 2
881 954 3
307 955 4
568 956 1
277 957 2
282 958 2
434 959 3
456 960 2
362 961 3
174 962 4
409 963 4
421 964 3
713 965 4
411 966 5
919 967 5
508 968 1
596 969 1
465 970 3
637 971 1
929 972 4
377 973 4
825 974 4
323 975 4
499 976 4
328 977 5
963 978 1
89 979 5
821 980 5
439 981 5
128 982 3
485 983 4
936 984 4
651 985 3
514 986 4
971 987 1
401 988 1
687 989 3
929 990 5
401 991 5
93 992 1
641 993 4
566 994 5
243 995 1
28 996 4
308 997 2
148 998 2
115 999 1
931 1000 5
1000
? 990 323
? 138 141
f 818 21
? 582 395
? 876 828
f 350 710
f 729 151
? 912 740
? 680 181
? 777 509
f 732 326
? 144 387
f 281 200
? 31 799
f 678 283
? 881 156
f 584 307
f 950 718
f 904 168
? 658 426
? 36 287
f 242 967
f 729 550
? 233 914
? 687 777
? 153 979
? 284 190
? 468 883
f 63 530
f 846 700
f 185 292
? 864 805
? 555 102
? 963 481
? 407 845
? 664 366
f 960 246
? 103 672
f 647 146
f 320 765
f 836 383
? 267 755
? 992 86
f 61 709
? 384 617
? 468 242
? 279 922
? 832 118
f 584 407
f 598 312
? 155 694
? 376 499
f 22 553
? 401 323
f 205 153
f 638 605
? 322 983
? 92 116
? 423 774
? 898 439
? 182 155
? 224 114
f 762 950
f 867 898
f 585 394
f 804 371
f 637 38
? 631 593
f 771 977
f 180 522
f 197 182
f 105 900
? 488 562
? 636 351
? 638 357
f 507 486
? 391 259
? 488 589
f 608 575
f 904 5
? 426 672
? 858 721
? 329 59
f 659 116
f 847 256
f 484 534
f 991 710
f 161 12
f 987 770
f 387 58
? 504 47
f 210 321
f 880 230
f 227 622
f 558 699
f 746 94
f 202 850
? 725 904
f 649 585
? 407 29
? 620 765
f 832 234
f 926 875
f 855 890
? 939 463
? 201 17
f 850 121
? 370 728
? 160 36
? 296 144
? 500 318
? 610 755
f 321 767
? 851 329
f 873 550
f 743 736
f 136 823
f 897 423
? 139 701
f 164 375
f 353 177
? 259 932
? 979 604
? 604 517
f 401 802
f 478 423
? 34 872
? 258 271
? 457 97
? 964 343
? 902 643
? 544 820
f 84 169
? 183 980
f 789 675
f 122 436
f 385 498
f 973 460
f 477 323
? 738 983
f 691 745
f 291 481
? 364 890
f 952 714
f 456 241
? 214 664
? 656 336
? 125 55
f 870 234
? 790 820
f 459 602
? 780 523
f 627 84
? 397 371
f 663 180
f 269 294
? 609 496
? 782 832
f 445 993
? 964 904
f 267 236
f 455 141
f 900 795
f 50 77
? 82 200
f 768 158
f 863 687
? 259 885
f 243 224
f 202 845
? 261 190
f 60 511
f 252 433
? 898 902
f 913 777
? 296 836
f 507 482
f 356 161
f 558 423
f 982 347
f 440 810
f 983 241
? 542 161
? 554 537
f 702 740
? 709 954
? 900 579
f 407 618
? 791 602
f 23 346
f 387 303
f 486 68
f 425 339
f 265 489
f 638 930
? 956 159
f 931 776
? 919 770
f 892 959
f 700 707
? 770 102
? 653 784
? 532 941
? 598 118
? 608 827
f 684 549
f 640 968
? 887 411
? 267 329
? 837 785
? 309 860
? 582 763
f 111 296
? 821 179
f 779 93
? 45 702
? 841 215
? 987 553
f 886 814
f 455 585
? 2 295
? 213 913
? 264 787
f 661 830
f 611 417
f 338 405
? 964 340
? 908 380
f 146 251
? 450 874
f 967 467
? 302 262
f 495 998
f 923 537
f 117 453
? 198 385
? 763 765
f 56 156
f 353 974
? 966 440
f 314 570
f 643 890
f 916 97
? 582 430
? 470 627
f 179 310
? 984 130
? 702 41
? 285 290
? 608 769
? 255 49
f 335 537
f 251 250
f 586 133
f 603 317
? 427 348
? 481 811
? 511 118
? 851 691
? 318 116
? 93 209
? 859 363
f 415 831
f 677 657
? 513 982
f 355 101
? 576 677
f 422 970
f 895 430
? 108 513
f 107 291
? 628 860
? 909 171
f 574 177
? 902 946
f 164 36
f 751 558
? 197 947
? 545 601
? 236 624
f 596 190
f 602 578
? 408 156
? 955 242
? 712 53
? 441 672
f 138 485
f 221 801
? 878 559
? 793 569
? 954 593
? 662 675
f 20 823
f 57 76
? 294 821
? 318 699
f 545 865
f 642 932
f 632 373
? 840 701
? 585 456
? 386 218
f 380 822
f 442 977
? 975 833
f 676 604
? 5 755
f 479 318
f 165 421
? 289 81
? 31 250
f 808 417
f 449 245
f 827 548
? 96 498
? 970 730
f 614 399
f 747 433
f 57 305
f 783 314
f 119 302
f 205 724
? 509 720
? 704 753
f 240 106
f 503 693
f 960 612
f 216 310
f 574 365
f 425 363
f 311 446
f 905 456
? 528 817
? 152 952
? 665 45
? 64 163
? 978 254
? 788 783
f 447 606
f 657 167
? 335 400
? 201 752
f 191 444
f 443 231
? 61 801
f 271 940
? 92 50
? 349 613
? 480 691
? 927 922
f 364 409
? 391 748
? 786 104
f 407 944
? 489 868
f 940 260
f 325 242
? 872 406
? 567 384
f 242 955
f 573 600
f 508 985
? 901 691
? 560 88
f 423 126
? 196 512
f 564 522
? 787 395
? 789 242
f 606 648
? 170 844
? 410 2
f 924 455
f 156 649
f 252 230
f 631 603
f 868 7
f 534 427
f 678 778
f 168 293
? 550 198
f 697 308
? 998 725
f 939 102
f 504 689
? 442 279
f 55 111
? 153 544
? 722 567
? 902 993
f 163 387
f 861 315
? 54 363
f 116 653
f 44 8
f 339 263
f 921 130
f 180 552
f 936 126
? 667 964
f 492 572
f 491 431
f 537 621
f 766 853
? 717 520
? 627 947
f 717 843
f 383 373
f 33 872
f 453 453
f 445 40
? 958 860
f 170 154
f 475 934
? 473 266
f 380 88
f 520 401
? 189 643
f 293 38
f 713 117
f 769 456
? 806 588
f 495 675
? 279 54
f 507 197
f 369 578
f 885 121
f 743 843
f 345 390
f 163 203
? 132 341
f 366 951
? 120 702
f 109 983
f 938 233
f 754 18
f 28 531
f 838 857
? 925 957
? 649 958
? 955 561
f 857 341
f 10 761
? 450 863
? 411 1
? 42 191
? 884 293
f 617 646
? 682 363
f 418 859
? 891 121
f 299 133
f 466 661
f 404 157
f 452 428
f 880 821
? 737 79
? 301 55
f 61 432
f 294 640
f 116 505
f 755 927
f 212 934
? 43 797
? 679 633
? 208 488
? 197 224
f 784 120
f 869 160
? 342 354
? 195 760
? 691 519
f 175 531
f 377 266
? 132 318
? 19 972
? 407 394
f 820 752
f 541 519
? 32 406
? 544 79
? 544 495
f 31 237
f 401 885
f 796 980
f 848 619
f 848 402
f 990 516
f 144 624
? 325 687
f 85 267
f 867 389
? 950 836
f 213 156
f 159 542
f 920 152
f 258 388
f 65 991
? 155 884
? 233 44
? 67 388
? 908 103
f 959 284
? 422 113
? 91 751
f 949 744
f 206 293
? 17 715
f 226 14
? 457 95
? 928 59
f 765 365
? 318 48
? 971 295
? 666 57
? 633 412
f 960 815
f 66 149
f 630 407
f 835 162
f 741 345
? 688 930
f 174 713
f 977 739
f 474 169
f 376 831
f 239 495
f 644 840
f 976 225
f 64 119
? 893 227
f 540 508
f 924 692
f 299 658
f 65 610
? 99 152
f 152 511
? 497 3
f 87 985
? 527 903
? 207 367
f 796 771
f 434 945
? 485 49
f 902 500
? 132 489
? 333 215
? 548 616
f 443 29
f 614 315
f 605 789
f 635 271
f 480 362
f 195 680
f 235 47
? 846 646
f 66 584
f 263 617
? 585 514
f 578 241
? 20 979
f 1000 546
f 734 349
? 369 574
? 499 441
? 499 680
? 700 644
f 828 906
? 882 119
? 739 74
? 991 192
? 470 998
? 641 715
f 999 239
f 39 361
f 978 329
f 812 4
? 358 882
? 686 787
f 733 77
f 317 624
f 460 36
? 464 592
f 746 249
? 354 937
f 404 457
f 597 936
? 25 551
f 32 285
? 212 12
? 895 413
? 511 676
f 688 905
f 848 213
f 842 60
f 373 764
f 961 653
f 712 34
? 253 255
f 226 637
f 234 917
? 418 298
f 773 85
f 670 121
f 446 84
? 264 326
? 909 218
? 497 293
? 353 857
f 925 415
? 959 610
f 939 93
f 595 951
? 387 133
f 822 45
f 147 5
? 292 513
? 632 263
f 855 921
f 585 621
f 756 112
? 677 747
f 927 79
f 676 54
? 90 407
f 913 706
f 258 847
f 488 425
? 492 889
f 292 586
? 646 482
f 382 618
f 804 38
? 629 158
? 672 881
f 266 277
f 163 154
? 471 708
f 568 789
? 11 190
? 777 159
f 27 391
? 222 437
? 512 30
? 596 158
f 585 829
? 751 159
? 499 697
? 574 628
f 533 927
? 224 287
? 13 576
? 65 134
f 797 890
f 141 111
f 286 17
f 477 610
? 124 842
f 284 493
? 454 297
f 629 102
? 51 572
f 122 29
f 670 347
f 462 589
f 831 414
? 702 133
? 135 191
? 575 471
? 159 405
f 604 300
f 345 996
? 205 981
f 449 15
? 855 612
? 679 572
f 187 503
? 52 467
? 172 978
f 367 708
f 972 742
? 255 944
? 867 965
? 480 476
f 910 276
? 68 795
? 724 86
? 764 385
? 860 507
? 564 201
? 630 426
? 112 285
f 362 85
? 222 162
f 388 718
f 756 193
? 858 862
f 5 363
f 532 997
? 409 6
f 927 694
f 635 613
? 142 889
f 877 252
f 12 641
? 851 840
f 586 261
? 235 494
? 563 925
? 711 435
? 210 587
? 911 491
f 14 6
? 327 795
? 660 67
? 723 225
? 551 856
f 788 77
? 191 534
f 601 101
? 73 306
f 540 477
f 643 558
? 477 536
f 279 656
? 775 879
? 653 363
f 212 823
f 384 644
? 881 714
f 935 57
f 852 787
? 3 919
f 211 862
? 7 970
? 238 309
? 956 311
f 349 484
f 625 123
f 830 186
f 24 650
f 433 539
? 471 880
f 536 323
f 29 755
f 782 897
f 195 58
f 46 874
f 589 48
f 439 544
f 246 42
? 906 309
f 412 275
f 558 853
f 713 198
? 526 38
? 634 740
f 65 405
f 281 244
f 492 98
? 431 889
? 901 594
? 628 821
? 501 710
f 928 306
? 708 43
f 745 404
? 623 234
f 533 112
? 758 585
? 954 334
f 201 96
f 411 260
? 66 998
? 143 860
? 8 757
f 441 936
? 448 707
f 61 943
? 246 545
f 213 122
? 95 341
f 554 929
f 630 373
? 419 720
f 969 509
f 796 692
f 323 582
f 288 641
? 598 640
f 52 640
f 228 583
? 345 76
f 838 871
f 842 238
? 968 323
? 879 927
f 437 513
? 719 800
f 148 273
f 375 328
f 742 590
? 752 740
? 361 42
f 911 220
? 55 413
? 320 832
f 750 682
? 381 148
? 512 972
f 559 600
f 845 127
? 577 646
f 288 186
f 177 798
f 631 466
? 610 653
f 56 690
f 129 239
? 633 94
f 393 705
? 813 985
f 734 605
f 468 369
? 553 797
? 109 714
f 427 549
f 584 389
f 372 683
f 881 745
f 238 537
? 101 570
? 77 125
? 23 274
f 163 246
? 278 988
? 577 64
f 859 814
? 332 289
f 47 963
? 654 75
? 193 320
f 327 858
? 363 815
? 558 653
? 141 84
f 929 137
? 152 322
? 855 654
? 726 970
? 316 353
? 343 451
f 602 585
? 928 42
f 946 104
? 842 896
? 398 757
? 879 298
f 631 199
? 663 60
f 991 890
? 542 497
f 94 527
f 406 934
? 959 865
? 709 801
? 325 611
? 174 593
? 4 439
f 570 623
f 816 652
f 207 809
f 612 301
? 146 467
f 675 248
f 951 430
f 486 458
f 947 243
? 674 237
? 40 777
? 882 69
f 43 243
? 799 635
? 658 54
? 908 689
? 639 695
? 711 596
f 889 290
f 299 510
? 158 415
f 756 705
f 176 9
? 399 756
f 246 566
f 66 228
? 857 609
? 183 196
? 509 783
? 403 16
? 45 611
? 3 59
? 388 249
f 890 749
f 673 951
? 486 622
? 923 440
? 79 953
f 74 532
f 94 88
? 559 52
f 258 603
f 95 9
? 281 355
? 985 507
? 970 599
? 822 414
? 50 971
f 301 842
? 911 262
f 898 673
f 330 52
? 299 986
f 335 198
f 742 81
f 427 750
? 881 76
? 356 124
f 375 785
f 596 886
? 635 762
? 836 825
f 736 288
f 172 861
? 804 217
f 875 388
? 829 907
f 455 470
? 262 418
? 273 627
f 654 526
f 761 129
? 7 335
f 428 922
? 604 1
? 410 600
f 194 512
? 986 915
? 783 229
f 437 235
f 60 798
f 702 114
f 429 569
? 749 768
? 382 474
f 802 721
? 639 745
? 659 425
? 355 525
f 874 478
? 943 640
f 908 34
f 645 433
f 660 970
? 306 916
? 82 932
? 699 659
f 214 648
? 286 514
f 388 34
? 52 488
f 966 633
f 11 586
f 435 253
f 845 869
? 99 650
f 352 768
? 958 515
? 931 945
? 675 543
? 125 814
? 521 691
? 751 657
f 799 370
? 720 551
f 397 292
? 928 386
f 19 954
f 209 780
f 140 362
f 510 992
? 228 529
? 209 569
f 551 301
? 481 385
f 853 943
f 983 744
? 654 968
f 865 967
f 61 962
f 169 527
